name: magmapper
channels:
  - conda-forge
  - defaults
dependencies:
  - asttokens=3.0.1=pyhd8ed1ab_0
  - bzip2=1.0.8=h2bbff1b_6
  - ca-certificates=2026.6.17=h4c7d964_0
  - colorama=0.4.6=pyhd8ed1ab_1
  - comm=0.2.3=pyhe01879c_0
  - debugpy=1.8.21=py310h699e580_0
  - decorator=5.3.1=pyhd8ed1ab_0
  - exceptiongroup=1.3.1=pyhd8ed1ab_0
  - executing=2.2.1=pyhd8ed1ab_0
  - ipykernel=7.3.0=pyh6dadd2b_0
  - ipython=8.37.0=pyha7b4d00_0
  - jedi=0.20.0=pyhcf101f3_0
  - jupyter_client=8.9.1=pyhcf101f3_0
  - jupyter_core=5.9.1=pyh6dadd2b_0
  - krb5=1.22.2=h719d79b_1
  - libexpat=2.8.0=hd7fb8db_0
  - libffi=3.4.8=h2b21627_2
  - libsodium=1.0.22=h6a83c73_1
  - libzlib=1.3.1=h1c6eee0_1
  - matplotlib-inline=0.2.2=pyhd8ed1ab_0
  - nest-asyncio2=1.7.2=pyhcf101f3_0
  - openssl=3.6.3=hf411b9b_0
  - packaging=26.0=py310haa95532_0
  - parso=0.8.7=pyhcf101f3_0
  - pickleshare=0.7.5=pyhd8ed1ab_1004
  - pip=26.0.1=pyhc872135_1
  - platformdirs=4.10.0=pyhcf101f3_0
  - prompt-toolkit=3.0.52=pyha770c72_0
  - psutil=7.2.2=py310h1637853_0
  - pure_eval=0.2.3=pyhd8ed1ab_1
  - pygments=2.20.0=pyhd8ed1ab_0
  - python=3.10.20=h1044e36_0
  - python-dateutil=2.9.0.post0=pyhe01879c_2
  - python_abi=3.10=2_cp310
  - pywin32=312=py310h282bd7d_0
  - pyzmq=27.1.0=py310h824d4bc_3
  - setuptools=82.0.1=py310haa95532_0
  - six=1.17.0=pyhe01879c_1
  - sqlite=3.51.2=hee5a0db_0
  - stack_data=0.6.3=pyhd8ed1ab_1
  - tk=8.6.15=hf199647_0
  - tornado=6.5.7=py310h29418f3_0
  - traitlets=5.15.1=pyhcf101f3_0
  - typing_extensions=4.15.0=pyhcf101f3_0
  - ucrt=10.0.22621.0=haa95532_0
  - vc=14.3=h2df5915_12
  - vc14_runtime=14.44.35208=h4927774_12
  - vs2015_runtime=14.44.35208=ha6b5a95_12
  - wcwidth=0.8.2=pyhd8ed1ab_0
  - wheel=0.46.3=py310haa95532_0
  - xz=5.8.2=h53af0af_0
  - zeromq=4.3.5=h3a581c9_11
  - zlib=1.3.1=h1c6eee0_1
  - pip:
      - async-timeout==5.0.1
      - bleak==3.0.2
      - contourpy==1.3.2
      - cycler==0.12.1
      - fonttools==4.63.0
      - future==1.0.0
      - imutils==0.5.4
      - iso8601==2.1.0
      - kiwisolver==1.5.0
      - matplotlib==3.10.9
      - numpy==2.2.6
      - opencv-python==4.13.0.92
      - pandas==2.3.3
      - pillow==12.3.0
      - pyparsing==3.3.2
      - pyqt5==5.15.11
      - pyqt5-qt5==5.15.2
      - pyqt5-sip==12.18.0
      - pyserial==3.5
      - pytz==2026.2
      - pyyaml==6.0.3
      - scipy==1.15.3
      - tzdata==2026.2
      - winrt-runtime==3.2.1
      - winrt-windows-devices-bluetooth==3.2.1
      - winrt-windows-devices-bluetooth-advertisement==3.2.1
      - winrt-windows-devices-bluetooth-genericattributeprofile==3.2.1
      - winrt-windows-devices-enumeration==3.2.1
      - winrt-windows-devices-radios==3.2.1
      - winrt-windows-foundation==3.2.1
      - winrt-windows-foundation-collections==3.2.1
      - winrt-windows-storage-streams==3.2.1
prefix: C:\Users\scedg10\AppData\Local\anaconda3\envs\magmapper
